当前日期: 2021/06/25 周五 
输入新日期: (年月日) 
当前时间: 21:23:32.17
输入新时间: 

数据类型: int (正态分布)
	冒泡排序	选择排序	快速排序
1024	0.001	0	0	冒泡排序: 正确	选择排序: 正确	快速排序: 正确
2048	0.003	0.002	0	冒泡排序: 正确	选择排序: 正确	快速排序: 正确
4096	0.012	0.008	0.001	冒泡排序: 正确	选择排序: 正确	快速排序: 正确
8192	0.065	0.033	0	冒泡排序: 正确	选择排序: 正确	快速排序: 正确
16384	0.303	0.131	0.003	冒泡排序: 正确	选择排序: 正确	快速排序: 正确
32768	1.346	0.522	0.01	冒泡排序: 正确	选择排序: 正确	快速排序: 正确
65536	5.62	2.085	0.045	冒泡排序: 正确	选择排序: 正确	快速排序: 正确

数据类型: int (均匀分布)
	冒泡排序	选择排序	快速排序
1024	0.001	0.001	0	冒泡排序: 正确	选择排序: 正确	快速排序: 正确
2048	0.003	0.002	0	冒泡排序: 正确	选择排序: 正确	快速排序: 正确
4096	0.013	0.008	0	冒泡排序: 正确	选择排序: 正确	快速排序: 正确
8192	0.067	0.033	0.001	冒泡排序: 正确	选择排序: 正确	快速排序: 正确
16384	0.313	0.131	0.002	冒泡排序: 正确	选择排序: 正确	快速排序: 正确
32768	1.353	0.516	0.007	冒泡排序: 正确	选择排序: 正确	快速排序: 正确
65536	5.669	2.087	0.026	冒泡排序: 正确	选择排序: 正确	快速排序: 正确

数据类型: int (完全顺序)
	冒泡排序	选择排序	快速排序
1024	0.001	0	0	冒泡排序: 正确	选择排序: 正确	快速排序: 正确
2048	0.001	0.003	0.001	冒泡排序: 正确	选择排序: 正确	快速排序: 正确
4096	0.008	0.009	0.005	冒泡排序: 正确	选择排序: 正确	快速排序: 正确
8192	0.033	0.034	0.018	冒泡排序: 正确	选择排序: 正确	快速排序: 正确
16384	0.131	0.135	0.076	冒泡排序: 正确	选择排序: 正确	快速排序: 正确
32768	0.515	0.539	0.296	冒泡排序: 正确	选择排序: 正确	快速排序: 正确
65536	2.087	2.145	1.193	冒泡排序: 正确	选择排序: 正确	快速排序: 正确

数据类型: int (完全逆序)
	冒泡排序	选择排序	快速排序
1024	0.001	0	0.001	冒泡排序: 正确	选择排序: 正确	快速排序: 正确
2048	0.002	0.002	0.001	冒泡排序: 正确	选择排序: 正确	快速排序: 正确
4096	0.01	0.006	0.004	冒泡排序: 正确	选择排序: 正确	快速排序: 正确
8192	0.042	0.027	0.014	冒泡排序: 正确	选择排序: 正确	快速排序: 正确
16384	0.17	0.106	0.057	冒泡排序: 正确	选择排序: 正确	快速排序: 正确
32768	0.683	0.42	0.222	冒泡排序: 正确	选择排序: 正确	快速排序: 正确
65536	2.745	1.663	0.894	冒泡排序: 正确	选择排序: 正确	快速排序: 正确

数据类型: double (正态分布)
	冒泡排序	选择排序	快速排序
1024	0.001	0.001	0	冒泡排序: 正确	选择排序: 正确	快速排序: 正确
2048	0.002	0.002	0	冒泡排序: 正确	选择排序: 正确	快速排序: 正确
4096	0.015	0.006	0	冒泡排序: 正确	选择排序: 正确	快速排序: 正确
8192	0.079	0.021	0.001	冒泡排序: 正确	选择排序: 正确	快速排序: 正确
16384	0.363	0.086	0.001	冒泡排序: 正确	选择排序: 正确	快速排序: 正确
32768	1.634	0.353	0.003	冒泡排序: 正确	选择排序: 正确	快速排序: 正确
65536	7.44	1.487	0.005	冒泡排序: 正确	选择排序: 正确	快速排序: 正确

数据类型: double (均匀分布)
	冒泡排序	选择排序	快速排序
1024	0.001	0.001	0	冒泡排序: 正确	选择排序: 正确	快速排序: 正确
2048	0.003	0.002	0	冒泡排序: 正确	选择排序: 正确	快速排序: 正确
4096	0.017	0.006	0.001	冒泡排序: 正确	选择排序: 正确	快速排序: 正确
8192	0.089	0.024	0	冒泡排序: 正确	选择排序: 正确	快速排序: 正确
16384	0.397	0.092	0.001	冒泡排序: 正确	选择排序: 正确	快速排序: 正确
32768	1.76	0.4	0.002	冒泡排序: 正确	选择排序: 正确	快速排序: 正确
65536	7.306	1.491	0.005	冒泡排序: 正确	选择排序: 正确	快速排序: 正确

数据类型: double (完全顺序)
	冒泡排序	选择排序	快速排序
1024	0	0.001	0	冒泡排序: 正确	选择排序: 正确	快速排序: 正确
2048	0.002	0.001	0.001	冒泡排序: 正确	选择排序: 正确	快速排序: 正确
4096	0.008	0.006	0.003	冒泡排序: 正确	选择排序: 正确	快速排序: 正确
8192	0.03	0.023	0.013	冒泡排序: 正确	选择排序: 正确	快速排序: 正确
16384	0.123	0.09	0.051	冒泡排序: 正确	选择排序: 正确	快速排序: 正确
32768	0.538	0.377	0.21	冒泡排序: 正确	选择排序: 正确	快速排序: 正确
65536	2.032	1.48	0.838	冒泡排序: 正确	选择排序: 正确	快速排序: 正确

数据类型: double (完全逆序)
	冒泡排序	选择排序	快速排序
1024	0.001	0	0.001	冒泡排序: 正确	选择排序: 正确	快速排序: 正确
2048	0.003	0.001	0.001	冒泡排序: 正确	选择排序: 正确	快速排序: 正确
4096	0.012	0.006	0.004	冒泡排序: 正确	选择排序: 正确	快速排序: 正确
8192	0.049	0.021	0.016	冒泡排序: 正确	选择排序: 正确	快速排序: 正确
16384	0.203	0.091	0.068	冒泡排序: 正确	选择排序: 正确	快速排序: 正确
32768	0.819	0.355	0.265	冒泡排序: 正确	选择排序: 正确	快速排序: 正确
65536	3.283	1.461	1.092	冒泡排序: 正确	选择排序: 正确	快速排序: 正确

原始数据分布: 正态分布, 数据类型 = struct Score
1024	0.001	冒泡排序: 正确
	倒序输出部分数据（即总分前若干名的数据）
	 学 号  总分 语 数 外 理 化
	00000766 411 81 81 81 85 83
	00000817 403 82 80 79 82 80
	00000977 399 72 81 83 84 79
	00000405 394 82 78 76 81 77
	00000515 393 74 72 82 80 85
	00000401 393 80 72 72 85 84
	00000367 392 89 81 74 69 79
	00000846 391 71 86 72 80 82
	00000768 391 72 77 80 82 80
	00000712 391 78 78 74 75 86
1024	0.001	选择排序: 正确
	倒序输出部分数据（即总分前若干名的数据）
	 学 号  总分 语 数 外 理 化
	00000766 411 81 81 81 85 83
	00000817 403 82 80 79 82 80
	00000977 399 72 81 83 84 79
	00000405 394 82 78 76 81 77
	00000515 393 74 72 82 80 85
	00000401 393 80 72 72 85 84
	00000367 392 89 81 74 69 79
	00000846 391 71 86 72 80 82
	00000768 391 72 77 80 82 80
	00000712 391 78 78 74 75 86
1024	0	快速排序: 正确
	倒序输出部分数据（即总分前若干名的数据）
	 学 号  总分 语 数 外 理 化
	00000766 411 81 81 81 85 83
	00000817 403 82 80 79 82 80
	00000977 399 72 81 83 84 79
	00000405 394 82 78 76 81 77
	00000515 393 74 72 82 80 85
	00000401 393 80 72 72 85 84
	00000367 392 89 81 74 69 79
	00000712 391 78 78 74 75 86
	00000846 391 71 86 72 80 82
	00000768 391 72 77 80 82 80
2048	0.004	冒泡排序: 正确
	倒序输出部分数据（即总分前若干名的数据）
	 学 号  总分 语 数 外 理 化
	00000179 404 84 78 74 82 86
	00000974 400 77 80 78 90 75
	00000019 400 82 91 75 70 82
	00000483 399 86 85 85 70 73
	00001929 398 80 71 83 81 83
	00000234 397 71 89 71 86 80
	00001201 396 86 76 87 66 81
	00000815 396 85 79 77 77 78
	00001073 394 74 72 83 85 80
	00000686 394 88 81 75 75 75
2048	0.005	选择排序: 正确
	倒序输出部分数据（即总分前若干名的数据）
	 学 号  总分 语 数 外 理 化
	00000179 404 84 78 74 82 86
	00000019 400 82 91 75 70 82
	00000974 400 77 80 78 90 75
	00000483 399 86 85 85 70 73
	00001929 398 80 71 83 81 83
	00000234 397 71 89 71 86 80
	00000815 396 85 79 77 77 78
	00001201 396 86 76 87 66 81
	00000686 394 88 81 75 75 75
	00001073 394 74 72 83 85 80
2048	0	快速排序: 正确
	倒序输出部分数据（即总分前若干名的数据）
	 学 号  总分 语 数 外 理 化
	00000179 404 84 78 74 82 86
	00000019 400 82 91 75 70 82
	00000974 400 77 80 78 90 75
	00000483 399 86 85 85 70 73
	00001929 398 80 71 83 81 83
	00000234 397 71 89 71 86 80
	00001201 396 86 76 87 66 81
	00000815 396 85 79 77 77 78
	00001073 394 74 72 83 85 80
	00000686 394 88 81 75 75 75
4096	0.018	冒泡排序: 正确
	倒序输出部分数据（即总分前若干名的数据）
	 学 号  总分 语 数 外 理 化
	00003891 406 76 78 89 84 79
	00001505 404 79 83 83 78 81
	00000939 402 81 73 84 80 84
	00000259 402 82 67 82 85 86
	00000401 401 80 80 73 80 88
	00003205 399 84 82 79 83 71
	00003714 398 79 86 91 74 68
	00003252 398 83 82 75 89 69
	00001797 398 80 81 79 75 83
	00000957 398 64 88 82 83 81
4096	0.021	选择排序: 正确
	倒序输出部分数据（即总分前若干名的数据）
	 学 号  总分 语 数 外 理 化
	00003891 406 76 78 89 84 79
	00001505 404 79 83 83 78 81
	00000259 402 82 67 82 85 86
	00000939 402 81 73 84 80 84
	00000401 401 80 80 73 80 88
	00003205 399 84 82 79 83 71
	00003252 398 83 82 75 89 69
	00000147 398 82 78 81 77 80
	00000957 398 64 88 82 83 81
	00001797 398 80 81 79 75 83
4096	0	快速排序: 正确
	倒序输出部分数据（即总分前若干名的数据）
	 学 号  总分 语 数 外 理 化
	00003891 406 76 78 89 84 79
	00001505 404 79 83 83 78 81
	00000939 402 81 73 84 80 84
	00000259 402 82 67 82 85 86
	00000401 401 80 80 73 80 88
	00003205 399 84 82 79 83 71
	00003714 398 79 86 91 74 68
	00000957 398 64 88 82 83 81
	00000147 398 82 78 81 77 80
	00001797 398 80 81 79 75 83
8192	0.091	冒泡排序: 正确
	倒序输出部分数据（即总分前若干名的数据）
	 学 号  总分 语 数 外 理 化
	00001709 413 85 88 86 73 81
	00005777 408 87 77 82 78 84
	00002563 407 79 83 83 81 81
	00007559 403 80 80 67 89 87
	00006306 403 82 76 79 83 83
	00003643 403 86 78 84 81 74
	00008112 401 91 72 81 74 83
	00007769 401 82 78 78 81 82
	00004477 401 85 76 72 84 84
	00000403 401 87 81 70 84 79
8192	0.08	选择排序: 正确
	倒序输出部分数据（即总分前若干名的数据）
	 学 号  总分 语 数 外 理 化
	00001709 413 85 88 86 73 81
	00005777 408 87 77 82 78 84
	00002563 407 79 83 83 81 81
	00003643 403 86 78 84 81 74
	00007559 403 80 80 67 89 87
	00006306 403 82 76 79 83 83
	00008112 401 91 72 81 74 83
	00007769 401 82 78 78 81 82
	00000403 401 87 81 70 84 79
	00004477 401 85 76 72 84 84
8192	0.001	快速排序: 正确
	倒序输出部分数据（即总分前若干名的数据）
	 学 号  总分 语 数 外 理 化
	00001709 413 85 88 86 73 81
	00005777 408 87 77 82 78 84
	00002563 407 79 83 83 81 81
	00006306 403 82 76 79 83 83
	00007559 403 80 80 67 89 87
	00003643 403 86 78 84 81 74
	00008112 401 91 72 81 74 83
	00000403 401 87 81 70 84 79
	00007769 401 82 78 78 81 82
	00004477 401 85 76 72 84 84
16384	0.407	冒泡排序: 正确
	倒序输出部分数据（即总分前若干名的数据）
	 学 号  总分 语 数 外 理 化
	00007587 411 76 79 94 76 86
	00014826 410 77 87 79 79 88
	00006936 408 80 85 81 85 77
	00008734 406 96 77 85 76 72
	00006011 406 84 81 78 86 77
	00000274 405 82 83 80 80 80
	00011408 404 84 92 82 70 76
	00010438 404 87 84 74 87 72
	00009347 404 81 84 84 78 77
	00005578 404 84 84 71 85 80
16384	0.309	选择排序: 正确
	倒序输出部分数据（即总分前若干名的数据）
	 学 号  总分 语 数 外 理 化
	00007587 411 76 79 94 76 86
	00014826 410 77 87 79 79 88
	00006936 408 80 85 81 85 77
	00006011 406 84 81 78 86 77
	00008734 406 96 77 85 76 72
	00000274 405 82 83 80 80 80
	00009347 404 81 84 84 78 77
	00005578 404 84 84 71 85 80
	00010438 404 87 84 74 87 72
	00003039 404 71 80 84 84 85
16384	0.001	快速排序: 正确
	倒序输出部分数据（即总分前若干名的数据）
	 学 号  总分 语 数 外 理 化
	00007587 411 76 79 94 76 86
	00014826 410 77 87 79 79 88
	00006936 408 80 85 81 85 77
	00006011 406 84 81 78 86 77
	00008734 406 96 77 85 76 72
	00000274 405 82 83 80 80 80
	00010438 404 87 84 74 87 72
	00003039 404 71 80 84 84 85
	00009347 404 81 84 84 78 77
	00011408 404 84 92 82 70 76
32768	1.761	冒泡排序: 正确
	倒序输出部分数据（即总分前若干名的数据）
	 学 号  总分 语 数 外 理 化
	00030637 409 85 80 78 86 80
	00028614 409 77 83 83 84 82
	00011727 409 78 87 80 78 86
	00031976 408 86 75 86 74 87
	00013779 408 82 80 83 79 84
	00006834 408 76 84 83 82 83
	00000378 407 75 81 80 76 95
	00022127 406 80 89 76 85 76
	00003739 406 89 72 80 80 85
	00031487 405 85 90 76 76 78
32768	1.243	选择排序: 正确
	倒序输出部分数据（即总分前若干名的数据）
	 学 号  总分 语 数 外 理 化
	00011727 409 78 87 80 78 86
	00030637 409 85 80 78 86 80
	00028614 409 77 83 83 84 82
	00013779 408 82 80 83 79 84
	00031976 408 86 75 86 74 87
	00006834 408 76 84 83 82 83
	00000378 407 75 81 80 76 95
	00003739 406 89 72 80 80 85
	00022127 406 80 89 76 85 76
	00031487 405 85 90 76 76 78
32768	0.004	快速排序: 正确
	倒序输出部分数据（即总分前若干名的数据）
	 学 号  总分 语 数 外 理 化
	00030637 409 85 80 78 86 80
	00028614 409 77 83 83 84 82
	00011727 409 78 87 80 78 86
	00006834 408 76 84 83 82 83
	00013779 408 82 80 83 79 84
	00031976 408 86 75 86 74 87
	00000378 407 75 81 80 76 95
	00003739 406 89 72 80 80 85
	00022127 406 80 89 76 85 76
	00031487 405 85 90 76 76 78
65536	7.469	冒泡排序: 正确
	倒序输出部分数据（即总分前若干名的数据）
	 学 号  总分 语 数 外 理 化
	00017936 415 82 92 82 82 77
	00065245 414 86 87 84 81 76
	00009701 412 87 83 87 77 78
	00040407 411 72 83 83 86 87
	00022325 411 84 80 80 79 88
	00053915 410 83 77 79 87 84
	00017865 410 86 77 88 82 77
	00054630 409 90 77 77 78 87
	00048955 409 79 84 75 86 85
	00039169 409 96 84 77 75 77
65536	4.946	选择排序: 正确
	倒序输出部分数据（即总分前若干名的数据）
	 学 号  总分 语 数 外 理 化
	00017936 415 82 92 82 82 77
	00065245 414 86 87 84 81 76
	00009701 412 87 83 87 77 78
	00022325 411 84 80 80 79 88
	00040407 411 72 83 83 86 87
	00017865 410 86 77 88 82 77
	00053915 410 83 77 79 87 84
	00039169 409 96 84 77 75 77
	00005353 409 85 85 83 77 79
	00048955 409 79 84 75 86 85
65536	0.014	快速排序: 正确
	倒序输出部分数据（即总分前若干名的数据）
	 学 号  总分 语 数 外 理 化
	00017936 415 82 92 82 82 77
	00065245 414 86 87 84 81 76
	00009701 412 87 83 87 77 78
	00040407 411 72 83 83 86 87
	00022325 411 84 80 80 79 88
	00017865 410 86 77 88 82 77
	00053915 410 83 77 79 87 84
	00005353 409 85 85 83 77 79
	00054630 409 90 77 77 78 87
	00048955 409 79 84 75 86 85

	*** 多种不同存储方式的C-字符串数组的排序 ***

原始数据: enter, number, size, begin, of, cat, case, program, certain, a, cake, side
请完成函数 BubbleA 的定义，执行排序操作。
排序结果: a, begin, cake, case, cat, certain, enter, number, of, program, side, size

原始数据: enter, number, size, begin, of, cat, case, program, certain, an, cake, side
请完成函数 BubbleB 的定义，执行排序操作。
排序结果: an, begin, cake, case, cat, certain, enter, number, of, program, side, size

原始数据: enter, number, size, begin, of, cat, case, program, certain, a, cake, side
请完成函数 BubbleB 的定义，执行排序操作。
排序结果: a, begin, cake, case, cat, certain, enter, number, of, program, side, size

原始数据: enter, number, size, begin, of, cat, case, program, certain, an, cake, side
请完成函数 BubbleB 的定义，执行排序操作。
排序结果: an, begin, cake, case, cat, certain, enter, number, of, program, side, size
当前时间: 21:25:01.89
输入新时间: 

数据类型: int (正态分布)
	冒泡排序	选择排序	快速排序
1024	0.001	0	0.001	冒泡排序: 正确	选择排序: 正确	快速排序: 正确
2048	0.003	0.002	0	冒泡排序: 正确	选择排序: 正确	快速排序: 正确
4096	0.014	0.009	0	冒泡排序: 正确	选择排序: 正确	快速排序: 正确
8192	0.07	0.035	0.001	冒泡排序: 正确	选择排序: 正确	快速排序: 正确
16384	0.328	0.137	0.003	冒泡排序: 正确	选择排序: 正确	快速排序: 正确
32768	1.45	0.549	0.011	冒泡排序: 正确	选择排序: 正确	快速排序: 正确
65536	5.851	2.331	0.046	冒泡排序: 正确	选择排序: 正确	快速排序: 正确

数据类型: int (均匀分布)
	冒泡排序	选择排序	快速排序
1024	0.001	0.001	0	冒泡排序: 正确	选择排序: 正确	快速排序: 正确
2048	0.003	0.003	0	冒泡排序: 正确	选择排序: 正确	快速排序: 正确
4096	0.016	0.01	0	冒泡排序: 正确	选择排序: 正确	快速排序: 正确
8192	0.078	0.039	0	冒泡排序: 正确	选择排序: 正确	快速排序: 正确
16384	0.336	0.14	0.002	冒泡排序: 正确	选择排序: 正确	快速排序: 正确
32768	1.417	0.552	0.007	冒泡排序: 正确	选择排序: 正确	快速排序: 正确
65536	5.848	2.243	0.027	冒泡排序: 正确	选择排序: 正确	快速排序: 正确

数据类型: int (完全顺序)
	冒泡排序	选择排序	快速排序
1024	0	0.001	0	冒泡排序: 正确	选择排序: 正确	快速排序: 正确
2048	0.002	0.003	0.001	冒泡排序: 正确	选择排序: 正确	快速排序: 正确
4096	0.008	0.009	0.005	冒泡排序: 正确	选择排序: 正确	快速排序: 正确
8192	0.034	0.036	0.019	冒泡排序: 正确	选择排序: 正确	快速排序: 正确
16384	0.135	0.138	0.077	冒泡排序: 正确	选择排序: 正确	快速排序: 正确
32768	0.54	0.571	0.314	冒泡排序: 正确	选择排序: 正确	快速排序: 正确
65536	2.2	2.26	1.265	冒泡排序: 正确	选择排序: 正确	快速排序: 正确

数据类型: int (完全逆序)
	冒泡排序	选择排序	快速排序
1024	0	0.001	0	冒泡排序: 正确	选择排序: 正确	快速排序: 正确
2048	0.003	0.002	0.001	冒泡排序: 正确	选择排序: 正确	快速排序: 正确
4096	0.012	0.007	0.004	冒泡排序: 正确	选择排序: 正确	快速排序: 正确
8192	0.045	0.028	0.015	冒泡排序: 正确	选择排序: 正确	快速排序: 正确
16384	0.181	0.11	0.061	冒泡排序: 正确	选择排序: 正确	快速排序: 正确
32768	0.723	0.463	0.244	冒泡排序: 正确	选择排序: 正确	快速排序: 正确
65536	2.846	1.812	0.943	冒泡排序: 正确	选择排序: 正确	快速排序: 正确

数据类型: double (正态分布)
	冒泡排序	选择排序	快速排序
1024	0.001	0	0	冒泡排序: 正确	选择排序: 正确	快速排序: 正确
2048	0.003	0.002	0	冒泡排序: 正确	选择排序: 正确	快速排序: 正确
4096	0.015	0.006	0	冒泡排序: 正确	选择排序: 正确	快速排序: 正确
8192	0.082	0.023	0	冒泡排序: 正确	选择排序: 正确	快速排序: 正确
16384	0.391	0.09	0.001	冒泡排序: 正确	选择排序: 正确	快速排序: 正确
32768	1.752	0.369	0.003	冒泡排序: 正确	选择排序: 正确	快速排序: 正确
65536	7.397	1.498	0.005	冒泡排序: 正确	选择排序: 正确	快速排序: 正确

数据类型: double (均匀分布)
	冒泡排序	选择排序	快速排序
1024	0.001	0	0	冒泡排序: 正确	选择排序: 正确	快速排序: 正确
2048	0.003	0.001	0.001	冒泡排序: 正确	选择排序: 正确	快速排序: 正确
4096	0.017	0.006	0	冒泡排序: 正确	选择排序: 正确	快速排序: 正确
8192	0.087	0.023	0.001	冒泡排序: 正确	选择排序: 正确	快速排序: 正确
16384	0.405	0.091	0.001	冒泡排序: 正确	选择排序: 正确	快速排序: 正确
32768	1.754	0.386	0.002	冒泡排序: 正确	选择排序: 正确	快速排序: 正确
65536	7.354	1.489	0.005	冒泡排序: 正确	选择排序: 正确	快速排序: 正确

数据类型: double (完全顺序)
	冒泡排序	选择排序	快速排序
1024	0.001	0	0.001	冒泡排序: 正确	选择排序: 正确	快速排序: 正确
2048	0.002	0.001	0.001	冒泡排序: 正确	选择排序: 正确	快速排序: 正确
4096	0.008	0.006	0.003	冒泡排序: 正确	选择排序: 正确	快速排序: 正确
8192	0.032	0.023	0.014	冒泡排序: 正确	选择排序: 正确	快速排序: 正确
16384	0.125	0.091	0.051	冒泡排序: 正确	选择排序: 正确	快速排序: 正确
32768	0.526	0.379	0.208	冒泡排序: 正确	选择排序: 正确	快速排序: 正确
65536	1.975	1.482	0.851	冒泡排序: 正确	选择排序: 正确	快速排序: 正确

数据类型: double (完全逆序)
	冒泡排序	选择排序	快速排序
1024	0.001	0	0	冒泡排序: 正确	选择排序: 正确	快速排序: 正确
2048	0.003	0.002	0.001	冒泡排序: 正确	选择排序: 正确	快速排序: 正确
4096	0.012	0.006	0.004	冒泡排序: 正确	选择排序: 正确	快速排序: 正确
8192	0.05	0.022	0.016	冒泡排序: 正确	选择排序: 正确	快速排序: 正确
16384	0.203	0.09	0.067	冒泡排序: 正确	选择排序: 正确	快速排序: 正确
32768	0.799	0.353	0.264	冒泡排序: 正确	选择排序: 正确	快速排序: 正确
65536	3.402	1.497	1.091	冒泡排序: 正确	选择排序: 正确	快速排序: 正确

原始数据分布: 正态分布, 数据类型 = struct Score
1024	0.001	冒泡排序: 正确
	倒序输出部分数据（即总分前若干名的数据）
	 学 号  总分 语 数 外 理 化
	00000396 399 78 79 79 83 80
	00000051 398 91 78 72 71 86
	00000403 397 70 89 85 70 83
	00000688 396 86 82 72 78 78
	00000924 395 66 81 87 83 78
	00000351 395 82 78 79 77 79
	00000861 394 70 83 77 79 85
	00000537 393 84 77 76 75 81
	00000074 393 78 80 73 83 79
	00000912 391 80 70 85 81 75
1024	0.001	选择排序: 正确
	倒序输出部分数据（即总分前若干名的数据）
	 学 号  总分 语 数 外 理 化
	00000396 399 78 79 79 83 80
	00000051 398 91 78 72 71 86
	00000403 397 70 89 85 70 83
	00000688 396 86 82 72 78 78
	00000351 395 82 78 79 77 79
	00000924 395 66 81 87 83 78
	00000861 394 70 83 77 79 85
	00000537 393 84 77 76 75 81
	00000074 393 78 80 73 83 79
	00000912 391 80 70 85 81 75
1024	0	快速排序: 正确
	倒序输出部分数据（即总分前若干名的数据）
	 学 号  总分 语 数 外 理 化
	00000396 399 78 79 79 83 80
	00000051 398 91 78 72 71 86
	00000403 397 70 89 85 70 83
	00000688 396 86 82 72 78 78
	00000924 395 66 81 87 83 78
	00000351 395 82 78 79 77 79
	00000861 394 70 83 77 79 85
	00000074 393 78 80 73 83 79
	00000537 393 84 77 76 75 81
	00000912 391 80 70 85 81 75
2048	0.004	冒泡排序: 正确
	倒序输出部分数据（即总分前若干名的数据）
	 学 号  总分 语 数 外 理 化
	00001356 418 84 90 84 82 78
	00001970 405 83 92 85 74 71
	00000216 400 82 88 79 78 73
	00000614 399 69 83 83 86 78
	00000563 399 81 86 76 83 73
	00000722 396 82 73 87 84 70
	00001400 395 69 77 74 82 93
	00000415 395 78 81 78 75 83
	00000386 395 80 75 84 74 82
	00000687 394 71 77 80 85 81
2048	0.005	选择排序: 正确
	倒序输出部分数据（即总分前若干名的数据）
	 学 号  总分 语 数 外 理 化
	00001356 418 84 90 84 82 78
	00001970 405 83 92 85 74 71
	00000216 400 82 88 79 78 73
	00000614 399 69 83 83 86 78
	00000563 399 81 86 76 83 73
	00000722 396 82 73 87 84 70
	00001400 395 69 77 74 82 93
	00000415 395 78 81 78 75 83
	00000386 395 80 75 84 74 82
	00000687 394 71 77 80 85 81
2048	0.001	快速排序: 正确
	倒序输出部分数据（即总分前若干名的数据）
	 学 号  总分 语 数 外 理 化
	00001356 418 84 90 84 82 78
	00001970 405 83 92 85 74 71
	00000216 400 82 88 79 78 73
	00000563 399 81 86 76 83 73
	00000614 399 69 83 83 86 78
	00000722 396 82 73 87 84 70
	00001400 395 69 77 74 82 93
	00000386 395 80 75 84 74 82
	00000415 395 78 81 78 75 83
	00000098 394 88 76 81 76 73
4096	0.018	冒泡排序: 正确
	倒序输出部分数据（即总分前若干名的数据）
	 学 号  总分 语 数 外 理 化
	00002965 405 78 86 87 88 66
	00003144 404 75 85 78 87 79
	00003989 403 77 85 82 72 87
	00002458 403 81 81 86 82 73
	00003411 402 76 86 79 79 82
	00001530 401 84 78 81 82 76
	00003521 400 79 79 74 88 80
	00001954 400 75 78 80 88 79
	00000907 400 80 80 89 73 78
	00003940 399 94 78 83 80 64
4096	0.02	选择排序: 正确
	倒序输出部分数据（即总分前若干名的数据）
	 学 号  总分 语 数 外 理 化
	00002965 405 78 86 87 88 66
	00003144 404 75 85 78 87 79
	00002458 403 81 81 86 82 73
	00003989 403 77 85 82 72 87
	00003411 402 76 86 79 79 82
	00001530 401 84 78 81 82 76
	00000907 400 80 80 89 73 78
	00003521 400 79 79 74 88 80
	00001954 400 75 78 80 88 79
	00002366 399 83 79 78 79 80
4096	0.001	快速排序: 正确
	倒序输出部分数据（即总分前若干名的数据）
	 学 号  总分 语 数 外 理 化
	00002965 405 78 86 87 88 66
	00003144 404 75 85 78 87 79
	00003989 403 77 85 82 72 87
	00002458 403 81 81 86 82 73
	00003411 402 76 86 79 79 82
	00001530 401 84 78 81 82 76
	00000907 400 80 80 89 73 78
	00001954 400 75 78 80 88 79
	00003521 400 79 79 74 88 80
	00001144 399 91 69 79 74 86
8192	0.088	冒泡排序: 正确
	倒序输出部分数据（即总分前若干名的数据）
	 学 号  总分 语 数 外 理 化
	00001909 411 85 84 81 82 79
	00005966 408 83 73 84 85 83
	00002692 408 89 83 78 83 75
	00006687 406 81 84 86 76 79
	00005529 405 80 79 79 87 80
	00002237 405 84 82 78 77 84
	00002586 404 85 82 83 72 82
	00005298 403 82 87 71 80 83
	00003923 403 80 85 73 82 83
	00000513 403 88 77 82 76 80
8192	0.079	选择排序: 正确
	倒序输出部分数据（即总分前若干名的数据）
	 学 号  总分 语 数 外 理 化
	00001909 411 85 84 81 82 79
	00002692 408 89 83 78 83 75
	00005966 408 83 73 84 85 83
	00006687 406 81 84 86 76 79
	00002237 405 84 82 78 77 84
	00005529 405 80 79 79 87 80
	00002586 404 85 82 83 72 82
	00000040 403 81 77 82 88 75
	00005298 403 82 87 71 80 83
	00003923 403 80 85 73 82 83
8192	0.001	快速排序: 正确
	倒序输出部分数据（即总分前若干名的数据）
	 学 号  总分 语 数 外 理 化
	00001909 411 85 84 81 82 79
	00002692 408 89 83 78 83 75
	00005966 408 83 73 84 85 83
	00006687 406 81 84 86 76 79
	00002237 405 84 82 78 77 84
	00005529 405 80 79 79 87 80
	00002586 404 85 82 83 72 82
	00003923 403 80 85 73 82 83
	00000513 403 88 77 82 76 80
	00005298 403 82 87 71 80 83
16384	0.412	冒泡排序: 正确
	倒序输出部分数据（即总分前若干名的数据）
	 学 号  总分 语 数 外 理 化
	00010919 407 82 79 79 82 85
	00006133 407 82 86 74 85 80
	00001996 406 75 81 83 85 82
	00011975 404 87 83 71 86 77
	00012228 403 79 79 84 83 78
	00007984 403 86 74 80 81 82
	00001094 403 69 94 78 74 88
	00015800 402 76 75 81 81 89
	00008576 402 78 74 98 75 77
	00007698 402 84 73 80 80 85
16384	0.312	选择排序: 正确
	倒序输出部分数据（即总分前若干名的数据）
	 学 号  总分 语 数 外 理 化
	00010919 407 82 79 79 82 85
	00006133 407 82 86 74 85 80
	00001996 406 75 81 83 85 82
	00011975 404 87 83 71 86 77
	00007984 403 86 74 80 81 82
	00001094 403 69 94 78 74 88
	00012228 403 79 79 84 83 78
	00001136 402 86 79 76 81 80
	00008576 402 78 74 98 75 77
	00001376 402 76 76 75 85 90
16384	0.001	快速排序: 正确
	倒序输出部分数据（即总分前若干名的数据）
	 学 号  总分 语 数 外 理 化
	00010919 407 82 79 79 82 85
	00006133 407 82 86 74 85 80
	00001996 406 75 81 83 85 82
	00011975 404 87 83 71 86 77
	00007984 403 86 74 80 81 82
	00012228 403 79 79 84 83 78
	00001094 403 69 94 78 74 88
	00001136 402 86 79 76 81 80
	00015800 402 76 75 81 81 89
	00008576 402 78 74 98 75 77
32768	1.782	冒泡排序: 正确
	倒序输出部分数据（即总分前若干名的数据）
	 学 号  总分 语 数 外 理 化
	00015957 411 87 82 82 79 81
	00023009 410 80 75 80 88 87
	00015318 409 74 90 79 83 83
	00023141 408 82 75 86 77 88
	00017090 408 82 71 85 90 80
	00012027 408 83 79 78 89 79
	00008368 408 76 76 82 88 86
	00008099 408 83 76 86 86 77
	00006079 408 78 78 82 82 88
	00005882 408 91 80 81 73 83
32768	1.241	选择排序: 正确
	倒序输出部分数据（即总分前若干名的数据）
	 学 号  总分 语 数 外 理 化
	00015957 411 87 82 82 79 81
	00023009 410 80 75 80 88 87
	00015318 409 74 90 79 83 83
	00023141 408 82 75 86 77 88
	00008099 408 83 76 86 86 77
	00017090 408 82 71 85 90 80
	00008368 408 76 76 82 88 86
	00006079 408 78 78 82 82 88
	00012027 408 83 79 78 89 79
	00005882 408 91 80 81 73 83
32768	0.004	快速排序: 正确
	倒序输出部分数据（即总分前若干名的数据）
	 学 号  总分 语 数 外 理 化
	00015957 411 87 82 82 79 81
	00023009 410 80 75 80 88 87
	00015318 409 74 90 79 83 83
	00006079 408 78 78 82 82 88
	00017090 408 82 71 85 90 80
	00005882 408 91 80 81 73 83
	00023141 408 82 75 86 77 88
	00008099 408 83 76 86 86 77
	00008368 408 76 76 82 88 86
	00012027 408 83 79 78 89 79
65536	7.451	冒泡排序: 正确
	倒序输出部分数据（即总分前若干名的数据）
	 学 号  总分 语 数 外 理 化
	00043199 420 93 84 88 79 76
	00063150 412 87 78 83 90 74
	00038400 412 86 84 87 74 81
	00054287 411 82 81 81 83 84
	00024309 411 79 84 85 79 84
	00015195 411 84 77 81 92 77
	00008042 411 84 87 76 93 71
	00002455 411 82 82 77 80 90
	00064912 409 91 81 75 83 79
	00020977 409 74 76 90 88 81
65536	4.892	选择排序: 正确
	倒序输出部分数据（即总分前若干名的数据）
	 学 号  总分 语 数 外 理 化
	00043199 420 93 84 88 79 76
	00063150 412 87 78 83 90 74
	00038400 412 86 84 87 74 81
	00024309 411 79 84 85 79 84
	00002455 411 82 82 77 80 90
	00054287 411 82 81 81 83 84
	00008042 411 84 87 76 93 71
	00015195 411 84 77 81 92 77
	00064912 409 91 81 75 83 79
	00020977 409 74 76 90 88 81
65536	0.014	快速排序: 正确
	倒序输出部分数据（即总分前若干名的数据）
	 学 号  总分 语 数 外 理 化
	00043199 420 93 84 88 79 76
	00038400 412 86 84 87 74 81
	00063150 412 87 78 83 90 74
	00024309 411 79 84 85 79 84
	00054287 411 82 81 81 83 84
	00008042 411 84 87 76 93 71
	00002455 411 82 82 77 80 90
	00015195 411 84 77 81 92 77
	00020977 409 74 76 90 88 81
	00064912 409 91 81 75 83 79

	*** 多种不同存储方式的C-字符串数组的排序 ***

原始数据: enter, number, size, begin, of, cat, case, program, certain, a, cake, side
请完成函数 BubbleA 的定义，执行排序操作。
排序结果: a, begin, cake, case, cat, certain, enter, number, of, program, side, size

原始数据: enter, number, size, begin, of, cat, case, program, certain, an, cake, side
请完成函数 BubbleB 的定义，执行排序操作。
排序结果: an, begin, cake, case, cat, certain, enter, number, of, program, side, size

原始数据: enter, number, size, begin, of, cat, case, program, certain, a, cake, side
请完成函数 BubbleB 的定义，执行排序操作。
排序结果: a, begin, cake, case, cat, certain, enter, number, of, program, side, size

原始数据: enter, number, size, begin, of, cat, case, program, certain, an, cake, side
请完成函数 BubbleB 的定义，执行排序操作。
排序结果: an, begin, cake, case, cat, certain, enter, number, of, program, side, size
当前时间: 21:26:32.00
输入新时间: 
