当前日期: 2021/06/25 周五 
输入新日期: (年月日) 
当前时间: 21:11:18.24
输入新时间: 

数据类型: int (正态分布)
	冒泡排序	选择排序	快速排序
1024	0.002	0.001	0	冒泡排序: 正确	选择排序: 正确	快速排序: 正确
2048	0.007	0.004	0.001	冒泡排序: 正确	选择排序: 正确	快速排序: 正确
4096	0.028	0.019	0.001	冒泡排序: 正确	选择排序: 正确	快速排序: 正确
8192	0.134	0.075	0.003	冒泡排序: 正确	选择排序: 正确	快速排序: 正确
16384	0.599	0.287	0.013	冒泡排序: 正确	选择排序: 正确	快速排序: 正确
32768	2.528	1.125	0.049	冒泡排序: 正确	选择排序: 正确	快速排序: 正确
65536	10.548	4.475	0.189	冒泡排序: 正确	选择排序: 正确	快速排序: 正确

数据类型: int (均匀分布)
	冒泡排序	选择排序	快速排序
1024	0.001	0.001	0.001	冒泡排序: 正确	选择排序: 正确	快速排序: 正确
2048	0.006	0.005	0.001	冒泡排序: 正确	选择排序: 正确	快速排序: 正确
4096	0.029	0.018	0.001	冒泡排序: 正确	选择排序: 正确	快速排序: 正确
8192	0.134	0.075	0.002	冒泡排序: 正确	选择排序: 正确	快速排序: 正确
16384	0.597	0.287	0.008	冒泡排序: 正确	选择排序: 正确	快速排序: 正确
32768	2.544	1.131	0.032	冒泡排序: 正确	选择排序: 正确	快速排序: 正确
65536	10.637	4.48	0.128	冒泡排序: 正确	选择排序: 正确	快速排序: 正确

数据类型: int (完全顺序)
	冒泡排序	选择排序	快速排序
1024	0.001	0.001	0.001	冒泡排序: 正确	选择排序: 正确	快速排序: 正确
2048	0.006	0.004	0.005	冒泡排序: 正确	选择排序: 正确	快速排序: 正确
4096	0.02	0.019	0.019	冒泡排序: 正确	选择排序: 正确	快速排序: 正确
8192	0.086	0.076	0.078	冒泡排序: 正确	选择排序: 正确	快速排序: 正确
16384	0.336	0.284	0.295	冒泡排序: 正确	选择排序: 正确	快速排序: 正确
32768	1.342	1.124	1.209	冒泡排序: 正确	选择排序: 正确	快速排序: 正确
65536	5.368	4.491	4.802	冒泡排序: 正确	选择排序: 正确	快速排序: 正确

数据类型: int (完全逆序)
	冒泡排序	选择排序	快速排序
1024	0.001	0.001	0.001	冒泡排序: 正确	选择排序: 正确	快速排序: 正确
2048	0.008	0.004	0.005	冒泡排序: 正确	选择排序: 正确	快速排序: 正确
4096	0.028	0.017	0.02	冒泡排序: 正确	选择排序: 正确	快速排序: 正确
8192	0.116	0.066	0.08	冒泡排序: 正确	选择排序: 正确	快速排序: 正确
16384	0.461	0.252	0.306	冒泡排序: 正确	选择排序: 正确	快速排序: 正确
32768	1.842	1.004	1.214	冒泡排序: 正确	选择排序: 正确	快速排序: 正确
65536	7.382	4.041	4.72	冒泡排序: 正确	选择排序: 正确	快速排序: 正确

数据类型: double (正态分布)
	冒泡排序	选择排序	快速排序
1024	0.002	0.001	0	冒泡排序: 正确	选择排序: 正确	快速排序: 正确
2048	0.006	0.005	0	冒泡排序: 正确	选择排序: 正确	快速排序: 正确
4096	0.03	0.018	0	冒泡排序: 正确	选择排序: 正确	快速排序: 正确
8192	0.141	0.073	0.001	冒泡排序: 正确	选择排序: 正确	快速排序: 正确
16384	0.644	0.288	0.002	冒泡排序: 正确	选择排序: 正确	快速排序: 正确
32768	2.761	1.159	0.004	冒泡排序: 正确	选择排序: 正确	快速排序: 正确
65536	11.484	4.628	0.01	冒泡排序: 正确	选择排序: 正确	快速排序: 正确

数据类型: double (均匀分布)
	冒泡排序	选择排序	快速排序
1024	0.002	0.001	0	冒泡排序: 正确	选择排序: 正确	快速排序: 正确
2048	0.006	0.005	0	冒泡排序: 正确	选择排序: 正确	快速排序: 正确
4096	0.031	0.018	0.001	冒泡排序: 正确	选择排序: 正确	快速排序: 正确
8192	0.146	0.073	0.001	冒泡排序: 正确	选择排序: 正确	快速排序: 正确
16384	0.641	0.29	0.002	冒泡排序: 正确	选择排序: 正确	快速排序: 正确
32768	2.773	1.15	0.004	冒泡排序: 正确	选择排序: 正确	快速排序: 正确
65536	11.769	4.948	0.01	冒泡排序: 正确	选择排序: 正确	快速排序: 正确

数据类型: double (完全顺序)
	冒泡排序	选择排序	快速排序
1024	0.002	0.001	0.001	冒泡排序: 正确	选择排序: 正确	快速排序: 正确
2048	0.006	0.005	0.005	冒泡排序: 正确	选择排序: 正确	快速排序: 正确
4096	0.022	0.02	0.022	冒泡排序: 正确	选择排序: 正确	快速排序: 正确
8192	0.081	0.078	0.08	冒泡排序: 正确	选择排序: 正确	快速排序: 正确
16384	0.313	0.306	0.324	冒泡排序: 正确	选择排序: 正确	快速排序: 正确
32768	1.256	1.219	1.293	冒泡排序: 正确	选择排序: 正确	快速排序: 正确
65536	5.021	4.937	5.136	冒泡排序: 正确	选择排序: 正确	快速排序: 正确

数据类型: double (完全逆序)
	冒泡排序	选择排序	快速排序
1024	0.002	0.001	0.001	冒泡排序: 正确	选择排序: 正确	快速排序: 正确
2048	0.009	0.004	0.005	冒泡排序: 正确	选择排序: 正确	快速排序: 正确
4096	0.033	0.018	0.02	冒泡排序: 正确	选择排序: 正确	快速排序: 正确
8192	0.13	0.068	0.08	冒泡排序: 正确	选择排序: 正确	快速排序: 正确
16384	0.52	0.276	0.316	冒泡排序: 正确	选择排序: 正确	快速排序: 正确
32768	2.117	1.103	1.254	冒泡排序: 正确	选择排序: 正确	快速排序: 正确
65536	8.494	4.444	5.052	冒泡排序: 正确	选择排序: 正确	快速排序: 正确

原始数据分布: 正态分布, 数据类型 = struct Score
1024	0.023	冒泡排序: 正确
	倒序输出部分数据（即总分前若干名的数据）
	 学 号  总分 语 数 外 理 化
	00000341 404 88 78 88 77 73
	00000195 399 72 89 80 77 81
	00000163 399 78 75 77 91 78
	00000393 397 74 88 63 81 91
	00000307 396 83 79 88 64 82
	00000657 395 83 84 79 70 79
	00000230 395 85 87 79 76 68
	00000649 394 83 77 74 79 81
	00000325 394 78 71 89 82 74
	00000958 393 82 80 79 81 71
1024	0.015	选择排序: 正确
	倒序输出部分数据（即总分前若干名的数据）
	 学 号  总分 语 数 外 理 化
	00000341 404 88 78 88 77 73
	00000195 399 72 89 80 77 81
	00000163 399 78 75 77 91 78
	00000393 397 74 88 63 81 91
	00000307 396 83 79 88 64 82
	00000657 395 83 84 79 70 79
	00000230 395 85 87 79 76 68
	00000325 394 78 71 89 82 74
	00000649 394 83 77 74 79 81
	00000958 393 82 80 79 81 71
1024	0	快速排序: 正确
	倒序输出部分数据（即总分前若干名的数据）
	 学 号  总分 语 数 外 理 化
	00000341 404 88 78 88 77 73
	00000195 399 72 89 80 77 81
	00000163 399 78 75 77 91 78
	00000393 397 74 88 63 81 91
	00000307 396 83 79 88 64 82
	00000230 395 85 87 79 76 68
	00000657 395 83 84 79 70 79
	00000649 394 83 77 74 79 81
	00000325 394 78 71 89 82 74
	00000260 393 81 80 73 79 80
2048	0.094	冒泡排序: 正确
	倒序输出部分数据（即总分前若干名的数据）
	 学 号  总分 语 数 外 理 化
	00001214 408 86 79 78 91 74
	00001692 406 77 78 93 80 78
	00000486 406 85 85 69 92 75
	00000235 404 74 80 76 93 81
	00001705 403 87 81 78 80 77
	00001584 397 78 84 82 73 80
	00001677 396 71 84 80 82 79
	00001644 396 79 79 79 81 78
	00000649 396 83 78 80 84 71
	00000618 396 87 80 76 71 82
2048	0.046	选择排序: 正确
	倒序输出部分数据（即总分前若干名的数据）
	 学 号  总分 语 数 外 理 化
	00001214 408 86 79 78 91 74
	00001692 406 77 78 93 80 78
	00000486 406 85 85 69 92 75
	00000235 404 74 80 76 93 81
	00001705 403 87 81 78 80 77
	00001584 397 78 84 82 73 80
	00000618 396 87 80 76 71 82
	00000649 396 83 78 80 84 71
	00001644 396 79 79 79 81 78
	00001677 396 71 84 80 82 79
2048	0.001	快速排序: 正确
	倒序输出部分数据（即总分前若干名的数据）
	 学 号  总分 语 数 外 理 化
	00001214 408 86 79 78 91 74
	00001692 406 77 78 93 80 78
	00000486 406 85 85 69 92 75
	00000235 404 74 80 76 93 81
	00001705 403 87 81 78 80 77
	00001584 397 78 84 82 73 80
	00001677 396 71 84 80 82 79
	00001644 396 79 79 79 81 78
	00000649 396 83 78 80 84 71
	00000618 396 87 80 76 71 82
4096	0.371	冒泡排序: 正确
	倒序输出部分数据（即总分前若干名的数据）
	 学 号  总分 语 数 外 理 化
	00002806 408 80 76 81 86 85
	00000805 408 77 82 81 86 82
	00002613 407 83 76 75 92 81
	00000962 405 87 90 70 73 85
	00003234 402 89 80 77 68 88
	00003766 401 73 76 87 81 84
	00002375 401 82 76 84 77 82
	00000772 401 68 89 85 76 83
	00000643 401 77 85 79 76 84
	00003362 400 86 67 83 83 81
4096	0.163	选择排序: 正确
	倒序输出部分数据（即总分前若干名的数据）
	 学 号  总分 语 数 外 理 化
	00002806 408 80 76 81 86 85
	00000805 408 77 82 81 86 82
	00002613 407 83 76 75 92 81
	00000962 405 87 90 70 73 85
	00003234 402 89 80 77 68 88
	00003766 401 73 76 87 81 84
	00000772 401 68 89 85 76 83
	00000643 401 77 85 79 76 84
	00002375 401 82 76 84 77 82
	00003362 400 86 67 83 83 81
4096	0.005	快速排序: 正确
	倒序输出部分数据（即总分前若干名的数据）
	 学 号  总分 语 数 外 理 化
	00000805 408 77 82 81 86 82
	00002806 408 80 76 81 86 85
	00002613 407 83 76 75 92 81
	00000962 405 87 90 70 73 85
	00003234 402 89 80 77 68 88
	00000772 401 68 89 85 76 83
	00003766 401 73 76 87 81 84
	00000643 401 77 85 79 76 84
	00002375 401 82 76 84 77 82
	00003362 400 86 67 83 83 81
8192	1.229	冒泡排序: 正确
	倒序输出部分数据（即总分前若干名的数据）
	 学 号  总分 语 数 外 理 化
	00007559 405 84 77 77 85 82
	00007269 404 80 80 82 84 78
	00003154 404 87 83 89 75 70
	00002259 402 78 77 90 79 78
	00006876 401 80 81 82 73 85
	00005851 401 81 76 78 80 86
	00002765 401 69 85 82 77 88
	00005627 399 74 77 92 72 84
	00003121 399 71 87 82 83 76
	00003099 399 80 80 73 89 77
8192	0.603	选择排序: 正确
	倒序输出部分数据（即总分前若干名的数据）
	 学 号  总分 语 数 外 理 化
	00007559 405 84 77 77 85 82
	00007269 404 80 80 82 84 78
	00003154 404 87 83 89 75 70
	00002259 402 78 77 90 79 78
	00002765 401 69 85 82 77 88
	00006876 401 80 81 82 73 85
	00005851 401 81 76 78 80 86
	00005627 399 74 77 92 72 84
	00000958 399 80 78 89 87 65
	00003121 399 71 87 82 83 76
8192	0.013	快速排序: 正确
	倒序输出部分数据（即总分前若干名的数据）
	 学 号  总分 语 数 外 理 化
	00007559 405 84 77 77 85 82
	00007269 404 80 80 82 84 78
	00003154 404 87 83 89 75 70
	00002259 402 78 77 90 79 78
	00006876 401 80 81 82 73 85
	00002765 401 69 85 82 77 88
	00005851 401 81 76 78 80 86
	00003121 399 71 87 82 83 76
	00005627 399 74 77 92 72 84
	00000958 399 80 78 89 87 65
16384	4.895	冒泡排序: 正确
	倒序输出部分数据（即总分前若干名的数据）
	 学 号  总分 语 数 外 理 化
	00015403 407 78 87 80 79 83
	00006626 406 89 76 82 72 87
	00004235 406 78 98 82 72 76
	00009624 405 78 88 85 71 83
	00009186 405 81 82 82 84 76
	00016286 404 79 85 80 82 78
	00007132 404 85 81 78 78 82
	00000364 404 84 73 83 78 86
	00015902 403 86 73 79 82 83
	00006879 403 77 78 83 85 80
16384	2.457	选择排序: 正确
	倒序输出部分数据（即总分前若干名的数据）
	 学 号  总分 语 数 外 理 化
	00015403 407 78 87 80 79 83
	00006626 406 89 76 82 72 87
	00004235 406 78 98 82 72 76
	00009624 405 78 88 85 71 83
	00009186 405 81 82 82 84 76
	00000364 404 84 73 83 78 86
	00016286 404 79 85 80 82 78
	00007132 404 85 81 78 78 82
	00006849 403 83 83 77 88 72
	00006879 403 77 78 83 85 80
16384	0.047	快速排序: 正确
	倒序输出部分数据（即总分前若干名的数据）
	 学 号  总分 语 数 外 理 化
	00015403 407 78 87 80 79 83
	00004235 406 78 98 82 72 76
	00006626 406 89 76 82 72 87
	00009624 405 78 88 85 71 83
	00009186 405 81 82 82 84 76
	00007132 404 85 81 78 78 82
	00016286 404 79 85 80 82 78
	00000364 404 84 73 83 78 86
	00015902 403 86 73 79 82 83
	00005530 403 82 77 84 78 82
32768	19.537	冒泡排序: 正确
	倒序输出部分数据（即总分前若干名的数据）
	 学 号  总分 语 数 外 理 化
	00006957 412 84 87 81 80 80
	00027866 411 78 84 87 91 71
	00005517 411 78 84 79 86 84
	00001543 409 80 82 82 83 82
	00000733 409 85 79 74 88 83
	00031127 408 79 79 73 90 87
	00029516 407 85 75 91 82 74
	00027330 407 83 78 79 87 80
	00012636 407 80 80 83 86 78
	00014728 406 73 85 78 82 88
32768	9.962	选择排序: 正确
	倒序输出部分数据（即总分前若干名的数据）
	 学 号  总分 语 数 外 理 化
	00006957 412 84 87 81 80 80
	00027866 411 78 84 87 91 71
	00005517 411 78 84 79 86 84
	00001543 409 80 82 82 83 82
	00000733 409 85 79 74 88 83
	00031127 408 79 79 73 90 87
	00012636 407 80 80 83 86 78
	00029516 407 85 75 91 82 74
	00027330 407 83 78 79 87 80
	00008258 406 80 82 80 81 83
32768	0.177	快速排序: 正确
	倒序输出部分数据（即总分前若干名的数据）
	 学 号  总分 语 数 外 理 化
	00006957 412 84 87 81 80 80
	00005517 411 78 84 79 86 84
	00027866 411 78 84 87 91 71
	00001543 409 80 82 82 83 82
	00000733 409 85 79 74 88 83
	00031127 408 79 79 73 90 87
	00027330 407 83 78 79 87 80
	00029516 407 85 75 91 82 74
	00012636 407 80 80 83 86 78
	00007313 406 84 83 69 84 86
65536	85.796	冒泡排序: 正确
	倒序输出部分数据（即总分前若干名的数据）
	 学 号  总分 语 数 外 理 化
	00013036 415 84 82 76 88 85
	00065458 412 77 80 81 88 86
	00023438 411 90 78 81 79 83
	00021344 411 86 89 79 75 82
	00018965 411 81 80 80 87 83
	00002114 411 86 83 86 85 71
	00056918 410 85 75 85 88 77
	00015647 410 85 85 76 85 79
	00003693 410 81 86 78 77 88
	00061387 409 82 76 81 85 85
65536	41.772	选择排序: 正确
	倒序输出部分数据（即总分前若干名的数据）
	 学 号  总分 语 数 外 理 化
	00013036 415 84 82 76 88 85
	00065458 412 77 80 81 88 86
	00023438 411 90 78 81 79 83
	00018965 411 81 80 80 87 83
	00002114 411 86 83 86 85 71
	00021344 411 86 89 79 75 82
	00003693 410 81 86 78 77 88
	00015647 410 85 85 76 85 79
	00056918 410 85 75 85 88 77
	00055307 409 83 78 80 89 79
65536	0.703	快速排序: 正确
	倒序输出部分数据（即总分前若干名的数据）
	 学 号  总分 语 数 外 理 化
	00013036 415 84 82 76 88 85
	00065458 412 77 80 81 88 86
	00023438 411 90 78 81 79 83
	00018965 411 81 80 80 87 83
	00021344 411 86 89 79 75 82
	00002114 411 86 83 86 85 71
	00003693 410 81 86 78 77 88
	00015647 410 85 85 76 85 79
	00056918 410 85 75 85 88 77
	00055307 409 83 78 80 89 79

	*** 多种不同存储方式的C-字符串数组的排序 ***

原始数据: enter, number, size, begin, of, cat, case, program, certain, a, cake, side
请完成函数 BubbleA 的定义，执行排序操作。
排序结果: a, begin, cake, case, cat, certain, enter, number, of, program, side, size

原始数据: enter, number, size, begin, of, cat, case, program, certain, an, cake, side
请完成函数 BubbleB 的定义，执行排序操作。
排序结果: an, begin, cake, case, cat, certain, enter, number, of, program, side, size

原始数据: enter, number, size, begin, of, cat, case, program, certain, a, cake, side
请完成函数 BubbleB 的定义，执行排序操作。
排序结果: a, begin, cake, case, cat, certain, enter, number, of, program, side, size

原始数据: enter, number, size, begin, of, cat, case, program, certain, an, cake, side
请完成函数 BubbleB 的定义，执行排序操作。
排序结果: an, begin, cake, case, cat, certain, enter, number, of, program, side, size
当前时间: 21:16:55.11
输入新时间: 

数据类型: int (正态分布)
	冒泡排序	选择排序	快速排序
1024	0.001	0.002	0	冒泡排序: 正确	选择排序: 正确	快速排序: 正确
2048	0.007	0.006	0	冒泡排序: 正确	选择排序: 正确	快速排序: 正确
4096	0.031	0.021	0.001	冒泡排序: 正确	选择排序: 正确	快速排序: 正确
8192	0.152	0.082	0.003	冒泡排序: 正确	选择排序: 正确	快速排序: 正确
16384	0.639	0.312	0.015	冒泡排序: 正确	选择排序: 正确	快速排序: 正确
32768	2.756	1.194	0.048	冒泡排序: 正确	选择排序: 正确	快速排序: 正确
65536	11.436	4.729	0.197	冒泡排序: 正确	选择排序: 正确	快速排序: 正确

数据类型: int (均匀分布)
	冒泡排序	选择排序	快速排序
1024	0.002	0.001	0	冒泡排序: 正确	选择排序: 正确	快速排序: 正确
2048	0.007	0.005	0	冒泡排序: 正确	选择排序: 正确	快速排序: 正确
4096	0.03	0.019	0.001	冒泡排序: 正确	选择排序: 正确	快速排序: 正确
8192	0.144	0.078	0.003	冒泡排序: 正确	选择排序: 正确	快速排序: 正确
16384	0.629	0.302	0.009	冒泡排序: 正确	选择排序: 正确	快速排序: 正确
32768	2.731	1.201	0.032	冒泡排序: 正确	选择排序: 正确	快速排序: 正确
65536	11.455	4.678	0.122	冒泡排序: 正确	选择排序: 正确	快速排序: 正确

数据类型: int (完全顺序)
	冒泡排序	选择排序	快速排序
1024	0.002	0.001	0.001	冒泡排序: 正确	选择排序: 正确	快速排序: 正确
2048	0.006	0.005	0.005	冒泡排序: 正确	选择排序: 正确	快速排序: 正确
4096	0.022	0.02	0.02	冒泡排序: 正确	选择排序: 正确	快速排序: 正确
8192	0.09	0.079	0.082	冒泡排序: 正确	选择排序: 正确	快速排序: 正确
16384	0.35	0.293	0.313	冒泡排序: 正确	选择排序: 正确	快速排序: 正确
32768	1.408	1.171	1.3	冒泡排序: 正确	选择排序: 正确	快速排序: 正确
65536	5.65	4.693	5.003	冒泡排序: 正确	选择排序: 正确	快速排序: 正确

数据类型: int (完全逆序)
	冒泡排序	选择排序	快速排序
1024	0.002	0.001	0.001	冒泡排序: 正确	选择排序: 正确	快速排序: 正确
2048	0.008	0.005	0.005	冒泡排序: 正确	选择排序: 正确	快速排序: 正确
4096	0.031	0.018	0.022	冒泡排序: 正确	选择排序: 正确	快速排序: 正确
8192	0.126	0.07	0.084	冒泡排序: 正确	选择排序: 正确	快速排序: 正确
16384	0.501	0.277	0.334	冒泡排序: 正确	选择排序: 正确	快速排序: 正确
32768	1.968	1.118	1.25	冒泡排序: 正确	选择排序: 正确	快速排序: 正确
65536	8.137	4.282	5.122	冒泡排序: 正确	选择排序: 正确	快速排序: 正确

数据类型: double (正态分布)
	冒泡排序	选择排序	快速排序
1024	0.002	0.001	0	冒泡排序: 正确	选择排序: 正确	快速排序: 正确
2048	0.008	0.005	0	冒泡排序: 正确	选择排序: 正确	快速排序: 正确
4096	0.033	0.019	0	冒泡排序: 正确	选择排序: 正确	快速排序: 正确
8192	0.154	0.076	0.001	冒泡排序: 正确	选择排序: 正确	快速排序: 正确
16384	0.724	0.307	0.002	冒泡排序: 正确	选择排序: 正确	快速排序: 正确
32768	2.915	1.224	0.005	冒泡排序: 正确	选择排序: 正确	快速排序: 正确
65536	12.257	4.968	0.009	冒泡排序: 正确	选择排序: 正确	快速排序: 正确

数据类型: double (均匀分布)
	冒泡排序	选择排序	快速排序
1024	0.002	0.001	0	冒泡排序: 正确	选择排序: 正确	快速排序: 正确
2048	0.007	0.005	0	冒泡排序: 正确	选择排序: 正确	快速排序: 正确
4096	0.033	0.019	0	冒泡排序: 正确	选择排序: 正确	快速排序: 正确
8192	0.159	0.077	0.001	冒泡排序: 正确	选择排序: 正确	快速排序: 正确
16384	0.687	0.307	0.002	冒泡排序: 正确	选择排序: 正确	快速排序: 正确
32768	2.927	1.232	0.005	冒泡排序: 正确	选择排序: 正确	快速排序: 正确
65536	12.241	4.933	0.01	冒泡排序: 正确	选择排序: 正确	快速排序: 正确

数据类型: double (完全顺序)
	冒泡排序	选择排序	快速排序
1024	0.002	0.001	0.001	冒泡排序: 正确	选择排序: 正确	快速排序: 正确
2048	0.005	0.005	0.005	冒泡排序: 正确	选择排序: 正确	快速排序: 正确
4096	0.02	0.019	0.021	冒泡排序: 正确	选择排序: 正确	快速排序: 正确
8192	0.078	0.077	0.08	冒泡排序: 正确	选择排序: 正确	快速排序: 正确
16384	0.312	0.307	0.325	冒泡排序: 正确	选择排序: 正确	快速排序: 正确
32768	1.362	1.225	1.272	冒泡排序: 正确	选择排序: 正确	快速排序: 正确
65536	4.991	4.884	5.122	冒泡排序: 正确	选择排序: 正确	快速排序: 正确

数据类型: double (完全逆序)
	冒泡排序	选择排序	快速排序
1024	0.002	0.001	0.002	冒泡排序: 正确	选择排序: 正确	快速排序: 正确
2048	0.007	0.004	0.004	冒泡排序: 正确	选择排序: 正确	快速排序: 正确
4096	0.031	0.016	0.019	冒泡排序: 正确	选择排序: 正确	快速排序: 正确
8192	0.131	0.068	0.079	冒泡排序: 正确	选择排序: 正确	快速排序: 正确
16384	0.525	0.266	0.314	冒泡排序: 正确	选择排序: 正确	快速排序: 正确
32768	2.091	1.096	1.29	冒泡排序: 正确	选择排序: 正确	快速排序: 正确
65536	8.399	4.497	4.983	冒泡排序: 正确	选择排序: 正确	快速排序: 正确

原始数据分布: 正态分布, 数据类型 = struct Score
1024	0.019	冒泡排序: 正确
	倒序输出部分数据（即总分前若干名的数据）
	 学 号  总分 语 数 外 理 化
	00000103 408 81 84 84 77 82
	00000378 407 80 75 90 79 83
	00000413 398 69 83 84 83 79
	00000911 397 75 88 79 78 77
	00000835 397 80 84 85 76 72
	00000373 397 75 86 76 74 86
	00000758 396 78 75 84 78 81
	00000425 396 81 80 77 75 83
	00000777 393 86 72 75 83 77
	00000242 393 68 75 83 90 77
1024	0.01	选择排序: 正确
	倒序输出部分数据（即总分前若干名的数据）
	 学 号  总分 语 数 外 理 化
	00000103 408 81 84 84 77 82
	00000378 407 80 75 90 79 83
	00000413 398 69 83 84 83 79
	00000911 397 75 88 79 78 77
	00000373 397 75 86 76 74 86
	00000835 397 80 84 85 76 72
	00000758 396 78 75 84 78 81
	00000425 396 81 80 77 75 83
	00000777 393 86 72 75 83 77
	00000242 393 68 75 83 90 77
1024	0.001	快速排序: 正确
	倒序输出部分数据（即总分前若干名的数据）
	 学 号  总分 语 数 外 理 化
	00000103 408 81 84 84 77 82
	00000378 407 80 75 90 79 83
	00000413 398 69 83 84 83 79
	00000911 397 75 88 79 78 77
	00000835 397 80 84 85 76 72
	00000373 397 75 86 76 74 86
	00000425 396 81 80 77 75 83
	00000758 396 78 75 84 78 81
	00000242 393 68 75 83 90 77
	00000777 393 86 72 75 83 77
2048	0.079	冒泡排序: 正确
	倒序输出部分数据（即总分前若干名的数据）
	 学 号  总分 语 数 外 理 化
	00001020 406 92 76 88 74 76
	00001034 401 84 83 77 84 73
	00000051 400 77 75 83 88 77
	00001234 399 81 80 86 85 67
	00001174 399 80 79 83 71 86
	00001166 399 76 84 81 80 78
	00000450 399 78 77 78 87 79
	00001390 398 78 87 90 74 69
	00000177 398 68 79 82 91 78
	00001436 396 81 85 71 76 83
2048	0.039	选择排序: 正确
	倒序输出部分数据（即总分前若干名的数据）
	 学 号  总分 语 数 外 理 化
	00001020 406 92 76 88 74 76
	00001034 401 84 83 77 84 73
	00000051 400 77 75 83 88 77
	00001234 399 81 80 86 85 67
	00001174 399 80 79 83 71 86
	00001166 399 76 84 81 80 78
	00000450 399 78 77 78 87 79
	00001390 398 78 87 90 74 69
	00000177 398 68 79 82 91 78
	00000031 396 82 71 80 79 84
2048	0.002	快速排序: 正确
	倒序输出部分数据（即总分前若干名的数据）
	 学 号  总分 语 数 外 理 化
	00001020 406 92 76 88 74 76
	00001034 401 84 83 77 84 73
	00000051 400 77 75 83 88 77
	00000450 399 78 77 78 87 79
	00001174 399 80 79 83 71 86
	00001234 399 81 80 86 85 67
	00001166 399 76 84 81 80 78
	00001390 398 78 87 90 74 69
	00000177 398 68 79 82 91 78
	00000031 396 82 71 80 79 84
4096	0.311	冒泡排序: 正确
	倒序输出部分数据（即总分前若干名的数据）
	 学 号  总分 语 数 外 理 化
	00000914 404 74 75 96 84 75
	00003583 403 81 80 83 74 85
	00002404 403 85 76 80 86 76
	00000754 403 78 86 78 85 76
	00003712 402 72 88 84 78 80
	00001071 401 71 82 76 84 88
	00001986 400 71 79 73 86 91
	00000420 400 82 74 86 88 70
	00001662 399 77 76 87 81 78
	00002570 398 84 77 79 78 80
4096	0.153	选择排序: 正确
	倒序输出部分数据（即总分前若干名的数据）
	 学 号  总分 语 数 外 理 化
	00000914 404 74 75 96 84 75
	00003583 403 81 80 83 74 85
	00000754 403 78 86 78 85 76
	00002404 403 85 76 80 86 76
	00003712 402 72 88 84 78 80
	00001071 401 71 82 76 84 88
	00001986 400 71 79 73 86 91
	00000420 400 82 74 86 88 70
	00001662 399 77 76 87 81 78
	00000803 398 80 83 76 84 75
4096	0.004	快速排序: 正确
	倒序输出部分数据（即总分前若干名的数据）
	 学 号  总分 语 数 外 理 化
	00000914 404 74 75 96 84 75
	00003583 403 81 80 83 74 85
	00002404 403 85 76 80 86 76
	00000754 403 78 86 78 85 76
	00003712 402 72 88 84 78 80
	00001071 401 71 82 76 84 88
	00000420 400 82 74 86 88 70
	00001986 400 71 79 73 86 91
	00001662 399 77 76 87 81 78
	00000803 398 80 83 76 84 75
8192	1.28	冒泡排序: 正确
	倒序输出部分数据（即总分前若干名的数据）
	 学 号  总分 语 数 外 理 化
	00000724 407 89 79 74 94 71
	00006064 404 83 81 78 81 81
	00004987 404 79 89 86 73 77
	00006857 403 82 82 77 82 80
	00004943 403 84 80 91 76 72
	00004508 403 78 85 83 77 80
	00000254 402 87 77 73 83 82
	00005978 401 84 82 81 78 76
	00003844 401 89 75 76 84 77
	00006544 400 88 75 78 73 86
8192	0.609	选择排序: 正确
	倒序输出部分数据（即总分前若干名的数据）
	 学 号  总分 语 数 外 理 化
	00000724 407 89 79 74 94 71
	00004987 404 79 89 86 73 77
	00006064 404 83 81 78 81 81
	00004943 403 84 80 91 76 72
	00006857 403 82 82 77 82 80
	00004508 403 78 85 83 77 80
	00000254 402 87 77 73 83 82
	00003844 401 89 75 76 84 77
	00005978 401 84 82 81 78 76
	00006544 400 88 75 78 73 86
8192	0.013	快速排序: 正确
	倒序输出部分数据（即总分前若干名的数据）
	 学 号  总分 语 数 外 理 化
	00000724 407 89 79 74 94 71
	00004987 404 79 89 86 73 77
	00006064 404 83 81 78 81 81
	00004943 403 84 80 91 76 72
	00004508 403 78 85 83 77 80
	00006857 403 82 82 77 82 80
	00000254 402 87 77 73 83 82
	00005978 401 84 82 81 78 76
	00003844 401 89 75 76 84 77
	00006544 400 88 75 78 73 86
16384	4.849	冒泡排序: 正确
	倒序输出部分数据（即总分前若干名的数据）
	 学 号  总分 语 数 外 理 化
	00008753 416 87 82 78 88 81
	00011978 415 90 70 83 81 91
	00006266 412 80 78 78 87 89
	00006693 411 87 83 84 69 88
	00013346 410 73 90 78 83 86
	00008644 409 82 87 73 83 84
	00012805 408 82 86 86 75 79
	00003760 408 91 79 75 82 81
	00005191 405 80 82 79 88 76
	00004175 405 93 76 82 67 87
16384	2.547	选择排序: 正确
	倒序输出部分数据（即总分前若干名的数据）
	 学 号  总分 语 数 外 理 化
	00008753 416 87 82 78 88 81
	00011978 415 90 70 83 81 91
	00006266 412 80 78 78 87 89
	00006693 411 87 83 84 69 88
	00013346 410 73 90 78 83 86
	00008644 409 82 87 73 83 84
	00012805 408 82 86 86 75 79
	00003760 408 91 79 75 82 81
	00004175 405 93 76 82 67 87
	00005191 405 80 82 79 88 76
16384	0.048	快速排序: 正确
	倒序输出部分数据（即总分前若干名的数据）
	 学 号  总分 语 数 外 理 化
	00008753 416 87 82 78 88 81
	00011978 415 90 70 83 81 91
	00006266 412 80 78 78 87 89
	00006693 411 87 83 84 69 88
	00013346 410 73 90 78 83 86
	00008644 409 82 87 73 83 84
	00003760 408 91 79 75 82 81
	00012805 408 82 86 86 75 79
	00004175 405 93 76 82 67 87
	00005191 405 80 82 79 88 76
32768	19.885	冒泡排序: 正确
	倒序输出部分数据（即总分前若干名的数据）
	 学 号  总分 语 数 外 理 化
	00030193 417 77 89 89 85 77
	00004398 414 90 77 81 84 82
	00004412 413 90 77 89 73 84
	00006064 412 88 92 82 74 76
	00020933 411 83 72 89 83 84
	00028153 410 78 81 85 80 86
	00017033 410 86 79 91 78 76
	00003815 409 77 75 84 91 82
	00021001 408 91 83 73 88 73
	00006910 408 82 87 83 70 86
32768	9.98	选择排序: 正确
	倒序输出部分数据（即总分前若干名的数据）
	 学 号  总分 语 数 外 理 化
	00030193 417 77 89 89 85 77
	00004398 414 90 77 81 84 82
	00004412 413 90 77 89 73 84
	00006064 412 88 92 82 74 76
	00020933 411 83 72 89 83 84
	00017033 410 86 79 91 78 76
	00028153 410 78 81 85 80 86
	00003815 409 77 75 84 91 82
	00006910 408 82 87 83 70 86
	00021001 408 91 83 73 88 73
32768	0.174	快速排序: 正确
	倒序输出部分数据（即总分前若干名的数据）
	 学 号  总分 语 数 外 理 化
	00030193 417 77 89 89 85 77
	00004398 414 90 77 81 84 82
	00004412 413 90 77 89 73 84
	00006064 412 88 92 82 74 76
	00020933 411 83 72 89 83 84
	00017033 410 86 79 91 78 76
	00028153 410 78 81 85 80 86
	00003815 409 77 75 84 91 82
	00006522 408 82 79 86 76 85
	00021001 408 91 83 73 88 73
65536	79.331	冒泡排序: 正确
	倒序输出部分数据（即总分前若干名的数据）
	 学 号  总分 语 数 外 理 化
	00004469 419 85 82 90 75 87
	00055669 417 86 82 87 80 82
	00040099 416 82 85 85 81 83
	00024740 415 87 82 84 86 76
	00013067 415 88 78 78 88 83
	00053570 414 84 92 79 76 83
	00032177 414 86 86 79 75 88
	00011889 414 86 90 81 82 75
	00042890 413 77 86 82 88 80
	00041320 413 78 81 90 82 82
65536	40.342	选择排序: 正确
	倒序输出部分数据（即总分前若干名的数据）
	 学 号  总分 语 数 外 理 化
	00004469 419 85 82 90 75 87
	00055669 417 86 82 87 80 82
	00040099 416 82 85 85 81 83
	00013067 415 88 78 78 88 83
	00024740 415 87 82 84 86 76
	00053570 414 84 92 79 76 83
	00011889 414 86 90 81 82 75
	00032177 414 86 86 79 75 88
	00005324 413 82 78 81 90 82
	00041320 413 78 81 90 82 82
65536	0.745	快速排序: 正确
	倒序输出部分数据（即总分前若干名的数据）
	 学 号  总分 语 数 外 理 化
	00004469 419 85 82 90 75 87
	00055669 417 86 82 87 80 82
	00040099 416 82 85 85 81 83
	00024740 415 87 82 84 86 76
	00013067 415 88 78 78 88 83
	00011889 414 86 90 81 82 75
	00032177 414 86 86 79 75 88
	00053570 414 84 92 79 76 83
	00041320 413 78 81 90 82 82
	00042890 413 77 86 82 88 80

	*** 多种不同存储方式的C-字符串数组的排序 ***

原始数据: enter, number, size, begin, of, cat, case, program, certain, a, cake, side
请完成函数 BubbleA 的定义，执行排序操作。
排序结果: a, begin, cake, case, cat, certain, enter, number, of, program, side, size

原始数据: enter, number, size, begin, of, cat, case, program, certain, an, cake, side
请完成函数 BubbleB 的定义，执行排序操作。
排序结果: an, begin, cake, case, cat, certain, enter, number, of, program, side, size

原始数据: enter, number, size, begin, of, cat, case, program, certain, a, cake, side
请完成函数 BubbleB 的定义，执行排序操作。
排序结果: a, begin, cake, case, cat, certain, enter, number, of, program, side, size

原始数据: enter, number, size, begin, of, cat, case, program, certain, an, cake, side
请完成函数 BubbleB 的定义，执行排序操作。
排序结果: an, begin, cake, case, cat, certain, enter, number, of, program, side, size
当前时间: 21:22:32.22
输入新时间: 
